0 257 250 63 1 250
1 253 500 70 999 500
2 251 500 65 999 500
3 252 500 85 999 500
4 252 250 75 1 250
5 254 500 120 999 500
6 255 500 90 999 500
7 255 250 100 1 250
8 256 250 115 1 250
9 258 500 110 999 500
10 262 250 51 1 250
11 261 500 71 999 500
12 257 250 82 1 250
13 254 500 93 999 500
14 257 500 104 999 500
15 254 500 66 999 500
16 253 500 79 999 500
17 255 500 89 999 500
18 256 500 92 999 500
19 257 250 108 1 250
20 258 500 90 999 500
21 255 250 120 1 250
22 254 250 70 1 250
23 253 250 111 1 250
24 252 500 108 999 500
25 262 250 69 1 250
26 261 250 93 1 250
27 263 250 104 1 250
28 251 250 87 1 250
29 265 500 60 999 500